0.308193668529	0.479515828678	0.212290502793	
0.334152334152	0.48058968059	0.185257985258	
0.326230712711	0.667156502572	0.00661278471712	
0.783783783784	0.155925155925	0.0602910602911	
0.332590529248	0.459052924791	0.208356545961	
0.0858244937319	0.380906460945	0.533269045323	
0.20281124498	0.449799196787	0.347389558233	
0.261796042618	0.380517503805	0.357686453577	
0.381328073636	0.437212360289	0.181459566075	
0.214365881033	0.560044893378	0.225589225589	
0.532319391635	0.210392902408	0.257287705957	
0.206144256456	0.424755120214	0.36910062333	
0.459433962264	0.113679245283	0.426886792453	
0.196671709531	0.38502269289	0.418305597579	
0.652348993289	0.138255033557	0.209395973154	
0.403253922138	0.492736780941	0.10400929692	
0.0705882352941	0.486764705882	0.442647058824	
0.00597371565114	0.480286738351	0.513739545998	
0.705193855157	0.0117044623263	0.283101682516	
0.0127388535032	0.302547770701	0.684713375796	
0.456466069142	0.382202304738	0.16133162612	
0.555555555556	0.323996265173	0.120448179272	
0.288461538462	0.611721611722	0.0998168498168	
0.448674698795	0.29734939759	0.253975903614	
0.424206815511	0.330787309048	0.245005875441	
0.471610660487	0.132097334878	0.396292004635	
0.250898634076	0.383896477354	0.365204888569	
0.135048231511	0.240353697749	0.62459807074	
0.491228070175	0.441176470588	0.0675954592363	
0.0371900826446	0.31129476584	0.651515151515	
0.256103398755	0.299664911441	0.444231689804	
0.372477804681	0.234866828087	0.392655367232	
0.4703595724	0.162293488824	0.367346938776	
0.322354211663	0.341252699784	0.336393088553	
0.455345060893	0.139377537212	0.405277401894	
0.201981050818	0.404392764858	0.393626184324	
0.602420051858	0.0388936905791	0.358686257563	
0.126984126984	0.656084656085	0.216931216931	
0.388643533123	0.355835962145	0.255520504732	
0.507209062822	0.23017507724	0.262615859938	
0.332230623819	0.322306238185	0.345463137996	
0.567750677507	0.216124661247	0.216124661247	
0.432592592593	0.317037037037	0.25037037037	
0.420916720465	0.315687540349	0.263395739187	
0.413403614458	0.488704819277	0.0978915662651	
0.386425339367	0.436199095023	0.177375565611	
0.0317834020012	0.382577987051	0.585638610948	
0.472650026553	0.283058948486	0.24429102496	
0.686898593634	0.214655810511	0.0984455958549	
0.31684434968	0.260980810235	0.422174840085	
0.386928104575	0.484967320261	0.128104575163	
0.557317073171	0.386585365854	0.0560975609756	
0.482033304119	0.319894829097	0.198071866784	
0.490280777538	0.0275377969762	0.482181425486	
0.541991341991	0.380952380952	0.0770562770563	
0.0434210526316	0.469078947368	0.4875	
0.0488676996424	0.455303933254	0.495828367104	
0.571111111111	0.377777777778	0.0511111111111	
0.390682901006	0.124933827422	0.484383271572	
0.49376017363	0.227889310906	0.278350515464	
0.37682038835	0.48786407767	0.135315533981	
0.431818181818	0.519886363636	0.0482954545455	
0.319567354966	0.472959685349	0.207472959685	
0.513283740701	0.404888416578	0.0818278427205	
0.350550702621	0.310292442081	0.339156855298	
0.347203274216	0.276944065484	0.3758526603	
0.776137761378	0.0774907749077	0.146371463715	
0.311446317657	0.614906832298	0.0736468500444	
0.0685579196217	0.456264775414	0.475177304965	
0.0590909090909	0.0113636363636	0.929545454545	
0.329341317365	0.45236799129	0.218290691345	
0.158767772512	0.490521327014	0.350710900474	
0.20202020202	0.360562143171	0.437417654809	
0.247972972973	0.237837837838	0.514189189189	
0.271397616468	0.220476706392	0.50812567714	
0.0925925925926	0.858974358974	0.048433048433	
0.114243323442	0.454005934718	0.43175074184	
0.352578475336	0.308295964126	0.339125560538	
0.374701670644	0.122911694511	0.502386634845	
0.621815286624	0.285031847134	0.093152866242	
0.168707482993	0.523129251701	0.308163265306	
0.182365826944	0.423329682366	0.39430449069	
0.360644257703	0.580532212885	0.0588235294118	
0.0178117048346	0.57951653944	0.402671755725	
0.404494382022	0.226516853933	0.368988764045	
0.489298454221	0.217598097503	0.293103448276	
0.367747440273	0.245733788396	0.386518771331	
0.714501510574	0.131419939577	0.154078549849	
0.727744807122	0.13649851632	0.135756676558	
0.375406032483	0.369837587007	0.25475638051	
0.209176788124	0.412955465587	0.377867746289	
0.191750278707	0.734671125975	0.0735785953177	
0.219692959238	0.258867125463	0.521439915299	
0.304395604396	0.40989010989	0.285714285714	
0.380908673704	0.410279944929	0.208811381368	
0.325506937033	0.162219850587	0.51227321238	
0.514469453376	0.0088424437299	0.476688102894	
0.569604086845	0.23754789272	0.192848020434	
0.461909871245	0.466201716738	0.0718884120172	
0.0538415003025	0.503327283727	0.442831215971	
0.510969568294	0.00495399858457	0.484076433121	
0.151954602774	0.50315258512	0.344892812106	
0.491287240022	0.343451377178	0.165261382799	
0.308536585366	0.362804878049	0.328658536585	
0.317420435511	0.373115577889	0.3094639866	
0.437354988399	0.179814385151	0.38283062645	
0.432676955828	0.321979776477	0.245343267696	
0.431532198372	0.0577350111029	0.510732790526	
0.372859589041	0.292380136986	0.334760273973	
0.506164828034	0.35301752109	0.140817650876	
0.319103521878	0.30469583778	0.376200640342	
0.26847826087	0.50652173913	0.225	
0.0269799825936	0.210617928634	0.762402088773	
0.175786299009	0.425678586816	0.398535114175	
0.479096989967	0.280936454849	0.239966555184	
0.0213483146067	0.480898876404	0.497752808989	
0.383714741884	0.377328366152	0.238956891964	
0.409090909091	0.378181818182	0.212727272727	
0.407571288102	0.241887905605	0.350540806293	
0.43146274149	0.0257589696412	0.542778288868	
0.339594290008	0.570247933884	0.0901577761082	
0.511924570161	0.455352190793	0.032723239046	
0.430247718383	0.0808344198175	0.488917861799	
0.321398124467	0.397698209719	0.280903665814	
0.0338294993234	0.334912043302	0.631258457375	
0.0578778135048	0.922829581994	0.0192926045016	
0.39446366782	0.124567474048	0.480968858131	
0.298894557823	0.424744897959	0.276360544218	
0.364561254769	0.320050869012	0.315387876219	
0.265126512651	0.53795379538	0.196919691969	
0.354892205638	0.356550580431	0.28855721393	
0.141373801917	0.111022364217	0.747603833866	
0.469990319458	0.257502420136	0.272507260407	
0.405743399722	0.337656322371	0.256600277906	
0.276169265033	0.204899777283	0.518930957684	
0.0870967741935	0.84623655914	0.0666666666667	
0.217485549133	0.0780346820809	0.704479768786	
0.34531835206	0.138576779026	0.516104868914	
0.128845037725	0.48868253047	0.382472431805	
0.0630461922597	0.516853932584	0.420099875156	
0.2	0.421120689655	0.378879310345	
0.429824561404	0.480908152735	0.0892672858617	
0.0579150579151	0.0974903474903	0.844594594595	
0.20993343574	0.408090117768	0.381976446493	
0.456316410862	0.256198347107	0.287485242031	
0.0627705627706	0.574675324675	0.362554112554	
0.356846473029	0.403526970954	0.239626556017	
0.626288659794	0.172680412371	0.201030927835	
0.462839569452	0.402870322911	0.134290107637	
0.163826998689	0.467234600262	0.368938401048	
0.232468249586	0.405853119823	0.361678630591	
0.432137285491	0.560062402496	0.00780031201248	
0.352328431373	0.302083333333	0.345588235294	
0.350835322196	0.369530628481	0.279634049324	
0.174482006543	0.410032715376	0.415485278081	
0.393449419569	0.264510779436	0.342039800995	
0.17990430622	0.362679425837	0.457416267943	
0.090465872156	0.392199349946	0.517334777898	
0.394721407625	0.507331378299	0.0979472140762	
0.48162992652	0.158984635939	0.359385437542	
0.333550913838	0.531331592689	0.135117493473	
0.268610098907	0.43258719417	0.298802706923	
0.5185546875	0.2392578125	0.2421875	
0.478586723769	0.356531049251	0.164882226981	
0.304505813953	0.539244186047	0.15625	
0.345546430828	0.554643082754	0.0998104864182	
0.261627906977	0.125726744186	0.612645348837	
0.437158469945	0.0206435944141	0.542197935641	
0.153522607781	0.116719242902	0.729758149317	
0.583972125436	0.0648083623693	0.351219512195	
0.345217084363	0.339216378397	0.31556653724	
0.401116798511	0.34620753839	0.252675663099	
0.401853411963	0.221566975569	0.376579612468	
0.383053494729	0.365872705974	0.251073799297	
0.447308909995	0.130710085934	0.421981004071	
0.398310591293	0.163092917479	0.438596491228	
0.242647058824	0.43137254902	0.325980392157	
0.339211618257	0.311203319502	0.349585062241	
0.487589630447	0.330943188086	0.181467181467	
0.329940627651	0.307039864292	0.363019508058	
0.241614906832	0.174534161491	0.583850931677	
0.435455086258	0.133254015467	0.431290898275	
0.0408858603066	0.429869392391	0.529244747303	
0.18984280532	0.471584038694	0.338573155985	
0.384364820847	0.321254071661	0.294381107492	
0.428035982009	0.386056971514	0.185907046477	
0.456148946595	0.298873101421	0.244977951984	
0.532894736842	0.395833333333	0.0712719298246	
0.233988044406	0.425277540564	0.34073441503	
0.19373776908	0.396281800391	0.409980430528	
0.469387755102	0.116475858636	0.414136386262	
0.210978835979	0.330687830688	0.458333333333	
0.0144462279294	0.727126805778	0.258426966292	
0.329034941764	0.364808652246	0.30615640599	
0.18883528601	0.269469331496	0.541695382495	
0.246168137483	0.42313051556	0.330701346958	
0.0283159463487	0.580476900149	0.391207153502	
0.305658381809	0.327868852459	0.366472765732	
0.248394004283	0.341184867951	0.410421127766	
0.425711275026	0.45679662803	0.117492096944	
0.199059561129	0.760188087774	0.0407523510972	
0.423816952678	0.36869474779	0.207488299532	
0.00660611065235	0.516928158547	0.476465730801	
0.396798652064	0.287700084246	0.31550126369	
0.387540082455	0.182317911131	0.430142006413	
0.321844032745	0.286945282206	0.39121068505	
0.457819905213	0.315639810427	0.22654028436	
0.417767106843	0.535414165666	0.046818727491	
0.324481327801	0.408298755187	0.267219917012	
0.398235664776	0.52741020794	0.0743541272842	
0.141783567134	0.438877755511	0.419338677355	
0.278756088423	0.372424128887	0.34881978269	
0.277303754266	0.389078498294	0.33361774744	
0.114508393285	0.431055155875	0.454436450839	
0.497155858931	0.150170648464	0.352673492605	
0.382138517618	0.456865127582	0.1609963548	
0.130708661417	0.769291338583	0.1	
0.228416043508	0.152957171992	0.6186267845	
0.385884509624	0.406049495875	0.2080659945	
0.0898550724638	0.414492753623	0.495652173913	
0.49347826087	0.432608695652	0.0739130434783	
0.612612612613	0.271656271656	0.115731115731	
0.14168618267	0.379976580796	0.478337236534	
0.403797468354	0.425316455696	0.170886075949	
0.0932400932401	0.048951048951	0.857808857809	
0.382978723404	0.114781634938	0.502239641657	
0.0464876033058	0.232438016529	0.721074380165	
0.19688269073	0.489745693191	0.313371616079	
0.165280665281	0.406964656965	0.427754677755	
0.355897435897	0.269230769231	0.374871794872	
0.497819767442	0.145348837209	0.356831395349	
0.655563966692	0.336109008327	0.00832702498107	
0.358158429248	0.404874746107	0.236966824645	
0.136531365314	0.526445264453	0.337023370234	
0.576179427688	0.0873936581593	0.336426914153	
0.421084704449	0.018281535649	0.560633759902	
0.138576779026	0.345639379347	0.515783841627	
0.299191374663	0.436208445642	0.264600179695	
0.150837988827	0.541899441341	0.307262569832	
0.498220640569	0.339264531435	0.162514827995	
0.209117938553	0.217046580773	0.573835480674	
0.655650319829	0.271855010661	0.0724946695096	
0.371854613234	0.56477166822	0.0633737185461	
0.0897269180754	0.742522756827	0.167750325098	
0.269272529859	0.251357220413	0.479370249729	
0.153580672994	0.400345125108	0.446074201898	
0.167697063369	0.699381761978	0.132921174652	
0.207865168539	0.614606741573	0.177528089888	
0.551884057971	0.0655072463768	0.382608695652	
0.233639143731	0.315596330275	0.450764525994	
0.445251058681	0.0925589836661	0.462189957653	
0.541108986616	0.115997450605	0.342893562779	
0.289193302892	0.336377473364	0.374429223744	
0.561918396564	0.0443808160344	0.393700787402	
0.433077578858	0.16368286445	0.403239556692	
0.0604192355117	0.479654747226	0.459926017263	
0.126016260163	0.235772357724	0.638211382114	
0.279015240328	0.386869871043	0.334114888628	
0.43935703848	0.351193375548	0.209449585972	
0.289923394225	0.421331761933	0.288744843842	
0.565583634176	0.0806257521059	0.353790613718	
0.291493775934	0.196576763485	0.511929460581	
0.461822660099	0.127463054187	0.410714285714	
0.688617121355	0.268109125118	0.0432737535278	
0.351898734177	0.357685352622	0.290415913201	
0.276500280426	0.404935501963	0.318564217611	
0.0828488372093	0.415697674419	0.501453488372	
0.00488758553275	0.840664711632	0.154447702835	
0.216981132075	0.464884696017	0.318134171908	
0.299366420275	0.378035902851	0.322597676874	
0.127028934368	0.601976005646	0.270995059986	
0.213996529786	0.237131289763	0.548872180451	
0.256598240469	0.116568914956	0.626832844575	
0.465153970827	0.0729335494327	0.461912479741	
0.113422818792	0.558389261745	0.328187919463	
0.254155730534	0.432633420822	0.313210848644	
0.107413893754	0.373029772329	0.519556333917	
0.422735346359	0.340586145648	0.236678507993	
0.463529411765	0.364235294118	0.172235294118	
0.417496443812	0.182076813656	0.400426742532	
0.415054887611	0.514375326712	0.0705697856769	
0.446756425949	0.134638922889	0.418604651163	
0.326450892857	0.221540178571	0.452008928571	
0.244853737811	0.416576381365	0.338569880823	
0.412891986063	0.381533101045	0.205574912892	
0.410285714286	0.0342857142857	0.555428571429	
0.44472361809	0.158291457286	0.396984924623	
0.310416666667	0.536458333333	0.153125	
0.273013375295	0.295830055075	0.43115656963	
0.365937365937	0.238095238095	0.395967395967	
0.00738396624473	0.182489451477	0.810126582278	
0.341765036537	0.395165823496	0.263069139966	
0.529641693811	0.295765472313	0.174592833876	
0.325581395349	0.355179704017	0.319238900634	
0.284892086331	0.620143884892	0.094964028777	
0.432620011567	0.0670908039329	0.5002891845	
0.474217311234	0.232965009208	0.292817679558	
0.136803874092	0.545399515738	0.317796610169	
0.811693895099	0.104901117799	0.0834049871023	
0.419466403162	0.240118577075	0.340415019763	
0.313696612666	0.315169366716	0.371134020619	
0.0338484179544	0.406181015453	0.559970566593	
0.638733705773	0.344506517691	0.0167597765363	
0.426711941143	0.360498019242	0.212790039615	
0.501196172249	0.427033492823	0.0717703349282	
0.191324554609	0.636715724245	0.171959721146	
0.314430095452	0.383492419989	0.302077484559	
0.0405953991881	0.468200270636	0.491204330176	
0.313131313131	0.651515151515	0.0353535353535	
0.31012345679	0.218271604938	0.471604938272	
0.0467516697025	0.498482088646	0.454766241651	
0.326669332267	0.348660535786	0.324670131947	
0.134913400182	0.115770282589	0.749316317229	
0.260768335274	0.281722933644	0.457508731083	
0.0815677966102	0.405720338983	0.512711864407	
0.273878627968	0.362005277045	0.364116094987	
0.333859510655	0.253354380426	0.412786108919	
0.220693450743	0.298844248762	0.480462300495	
0.0582524271845	0.360436893204	0.581310679612	
0.55873015873	0.15873015873	0.28253968254	
0.398163155051	0.44300378174	0.158833063209	
0.0977443609023	0.56992481203	0.332330827068	
0.539549839228	0.27652733119	0.183922829582	
0.111821086262	0.0425985090522	0.845580404686	
0.3912050257	0.3974871502	0.211307824101	
0.31049382716	0.083950617284	0.605555555556	
0.217731421121	0.013037809648	0.769230769231	
0.73731884058	0.178442028986	0.0842391304348	
0.365583456425	0.347119645495	0.28729689808	
0.174940898345	0.728132387707	0.096926713948	
0.0891210817455	0.338045482483	0.572833435771	
0.361944549943	0.366502088872	0.271553361185	
0.369986480397	0.433077963046	0.196935556557	
0.356382978723	0.559175531915	0.0844414893617	
0.0779976717113	0.0093131548312	0.912689173458	
0.13904494382	0.700842696629	0.160112359551	
0.498718605843	0.489492567914	0.011788826243	
0.318798449612	0.208333333333	0.472868217054	
0.177257525084	0.583946488294	0.238795986622	
0.577235772358	0.235772357724	0.186991869919	
0.671504965623	0.202444614209	0.126050420168	
0.571125265393	0.0934182590234	0.335456475584	
0.274879438843	0.3787812363	0.346339324858	
0.308001608363	0.38037796542	0.311620426216	
0.272411798728	0.394447657606	0.333140543667	
0.480231436837	0.194792671167	0.324975891996	
0.622237569061	0.200276243094	0.177486187845	
0.262548262548	0.410038610039	0.327413127413	
0.158415841584	0.707920792079	0.133663366337	
0.358182877111	0.508444962143	0.133372160745	
0.00115540150202	0.506643558637	0.492201039861	
0.48	0.1875	0.3325	
0.0996677740864	0.429678848283	0.47065337763	
0.386535113175	0.394660475914	0.218804410911	
0.358922008983	0.363005308289	0.278072682728	
0.4245029554	0.28855454057	0.28694250403	
0.312925170068	0.223966509681	0.463108320251	
0.471095334686	0.394523326572	0.134381338742	
0.327552986513	0.313102119461	0.359344894027	
0.494099538225	0.25346331452	0.252437147255	
0.0142857142857	0.439285714286	0.546428571429	
0.204869857263	0.706129303107	0.0890008396306	
0.337743190661	0.237354085603	0.424902723735	
0.0133060388946	0.488741044012	0.497952917093	
0.413417190776	0.279664570231	0.306918238994	
0.739271255061	0.235627530364	0.0251012145749	
0.378213802436	0.332205683356	0.289580514208	
0.110909090909	0.617272727273	0.271818181818	
0.381464413722	0.220174091142	0.398361495136	
0.333917104495	0.111500291886	0.554582603619	
0.242135367016	0.708293612965	0.0495710200191	
0.339727195226	0.343137254902	0.317135549872	
0.417742841101	0.0393037619315	0.542953396968	
0.0569323509712	0.634293369056	0.308774279973	
0.240281030445	0.404683840749	0.355035128806	
0.471256684492	0.0688502673797	0.459893048128	
0.40727595386	0.462289263531	0.130434782609	
0.300066979236	0.489618218352	0.210314802411	
0.191607284244	0.779889152811	0.0285035629454	
0.380341880342	0.387286324786	0.232371794872	
0.369127516779	0.330201342282	0.30067114094	
0.27197039778	0.497687326549	0.230342275671	
0.367139959432	0.397058823529	0.235801217039	
0.40260344026	0.18549511855	0.41190144119	
0.18287037037	0.728395061728	0.0887345679012	
0.382673551348	0.196213425129	0.421113023523	
0.290137614679	0.449541284404	0.260321100917	
0.418092909535	0.366748166259	0.215158924205	
0.478075517661	0.471985383678	0.0499390986602	
0.402430307362	0.388849177984	0.208720514653	
0.301556420233	0.580415045396	0.118028534371	
0.0634441087613	0.346223564955	0.590332326284	
0.255654557916	0.434544208362	0.309801233722	
0.104229607251	0.489425981873	0.406344410876	
0.529238038984	0.245717660957	0.225044300059	
0.00622524052066	0.444255800792	0.549518958687	
0.356031128405	0.405966277562	0.238002594034	
0.22546728972	0.474299065421	0.30023364486	
0.242941562705	0.641497045305	0.115561391989	
0.0653594771242	0.764705882353	0.169934640523	
0.464021164021	0.465079365079	0.0708994708995	
0.415882352941	0.227647058824	0.356470588235	
0.112456747405	0.191176470588	0.696366782007	
0.0905263157895	0.460526315789	0.448947368421	
0.308853809197	0.277282086479	0.413864104324	
0.387407407407	0.214074074074	0.398518518519	
0.365853658537	0.373596593109	0.260549748355	
0.465712876172	0.0848544647262	0.449432659102	
0.21140472879	0.47635605007	0.31223922114	
0.288335517693	0.43250327654	0.279161205767	
0.395338413268	0.21515015688	0.389511429852	
0.084375	0.5625	0.353125	
0.578109452736	0.257711442786	0.164179104478	
0.486517498566	0.313253012048	0.200229489386	
0.15953307393	0.439040207523	0.401426718547	
0.065447545717	0.799807507218	0.134744947064	
0.583815028902	0.0346820809249	0.381502890173	
0.779661016949	0.0322033898305	0.18813559322	
0.418458311484	0.490823282643	0.0907184058731	
0.651214128035	0.181015452539	0.167770419426	
0.387942936033	0.279797514956	0.332259549011	
0.0433973961562	0.463732176069	0.492870427774	
0.227631578947	0.442105263158	0.330263157895	
0.312122619601	0.312587087784	0.375290292615	
0.329250185598	0.31143281366	0.359317000742	
0.656206415621	0.328451882845	0.0153417015342	
0.176365795724	0.374109263658	0.449524940618	
0.836244541485	0.131004366812	0.0327510917031	
0.272097053726	0.397746967071	0.330155979203	
0.008	0.453333333333	0.538666666667	
0.0121107266436	0.352076124567	0.635813148789	
0.350421348315	0.0294943820225	0.620084269663	
0.176429567643	0.691771269177	0.13179916318	
0.357350096712	0.442940038685	0.199709864603	
0.282678428228	0.356856455493	0.360465116279	
0.131677018634	0.290683229814	0.577639751553	
0.173295454545	0.373106060606	0.453598484848	
0.168930390492	0.241086587436	0.589983022071	
0.0390347764372	0.369765791341	0.591199432221	
0.57724137931	0.407586206897	0.0151724137931	
0.364840014711	0.36594336153	0.269216623759	
0.272340425532	0.420060790274	0.307598784195	
0.523183925811	0.238021638331	0.238794435858	
0.101774530271	0.509394572025	0.388830897704	
0.244256348247	0.371825876663	0.383917775091	
0.34068627451	0.457107843137	0.202205882353	
0.368028107159	0.222222222222	0.409749670619	
0.353181552831	0.402218330414	0.244600116754	
0.416149068323	0.097049689441	0.486801242236	
0.276073619632	0.403593339176	0.320333041192	
0.579617834395	0.149044585987	0.271337579618	
0.191367654706	0.427977119085	0.380655226209	
0.35881104034	0.410615711253	0.230573248408	
0.0752688172043	0.327956989247	0.596774193548	
0.183278223902	0.401511572981	0.415210203118	
0.369721473495	0.44474393531	0.185534591195	
0.0440150295223	0.442834138486	0.513150831991	
0.572864321608	0.376884422111	0.0502512562814	
0.667605633803	0.0647887323944	0.267605633803	
0.0265282583622	0.757785467128	0.21568627451	
0.25016286645	0.467100977199	0.282736156352	
0.285067873303	0.254901960784	0.460030165913	
0.232161323681	0.433298862461	0.334539813857	
0.103663289166	0.377240841777	0.519095869057	
0.403141361257	0.119255381035	0.477603257708	
0.532721010333	0.10447761194	0.362801377727	
0.0683371298405	0.46013667426	0.4715261959	
0.331845238095	0.205853174603	0.462301587302	
0.287522603978	0.169379144063	0.543098251959	
0.358797437161	0.427304090685	0.213898472154	
0.367146974063	0.32507204611	0.307780979827	
0.855140186916	0.143925233645	0.000934579439252	
0.0759377859103	0.376029277219	0.548032936871	
0.642105263158	0.146616541353	0.211278195489	
0.457256461233	0.0218687872763	0.520874751491	
0.489544895449	0.0467404674047	0.463714637146	
0.0252873563218	0.227586206897	0.747126436782	
0.502418797512	0.108500345543	0.389080856945	
0.285323110624	0.372946330778	0.341730558598	
0.0711743772242	0.358244365362	0.570581257414	
0.373000940734	0.391345249294	0.235653809972	
0.0972568578554	0.31255195345	0.590191188695	
0.291551246537	0.691135734072	0.0173130193906	
0.198120595145	0.439310884886	0.362568519969	
0.696916299559	0.00176211453744	0.301321585903	
0.319738988581	0.260467645459	0.41979336596	
0.274014155713	0.659251769464	0.0667340748231	
0.327461607949	0.226287262873	0.446251129178	
0.17596319724	0.540540540541	0.28349626222	
0.138874276696	0.409258285113	0.45186743819	
0.530625832224	0.270972037284	0.198402130493	
0.375438596491	0.304678362573	0.319883040936	
0.397998888271	0.20844913841	0.393551973319	
0.0727272727273	0.604958677686	0.322314049587	
0.0577858880779	0.520681265207	0.421532846715	
0.0698198198198	0.460960960961	0.469219219219	
0.390873015873	0.121527777778	0.487599206349	
0.0411646586345	0.464859437751	0.493975903614	
0.176413255361	0.0272904483431	0.796296296296	
0.24693877551	0.087074829932	0.665986394558	
0.213139801375	0.656990068755	0.12987012987	
0.525371287129	0.272896039604	0.201732673267	
0.550993377483	0.00794701986755	0.441059602649	
0.126914660832	0.466630196937	0.406455142232	
0.204765450484	0.562918838421	0.232315711095	
0.220994475138	0.449355432781	0.329650092081	
0.207647371216	0.304832713755	0.487519915029	
0.10663507109	0.338862559242	0.554502369668	
0.171275646744	0.709188224799	0.119536128457	
0.286885245902	0.368852459016	0.344262295082	
0.285714285714	0.60101010101	0.113275613276	
0.0582524271845	0.402055968018	0.539691604797	
0.46357615894	0.110690633869	0.42573320719	
0.166934189406	0.399678972713	0.433386837881	
0.0855408388521	0.483995584989	0.430463576159	
0.511407902059	0.142459654981	0.34613244296	
0.425837320574	0.449282296651	0.124880382775	
0.424844720497	0.447204968944	0.127950310559	
0.501831501832	0.479242979243	0.0189255189255	
0.323448654585	0.440966501922	0.235584843493	
0.446504992867	0.0228245363766	0.530670470756	
0.274897119342	0.397942386831	0.327160493827	
0.224846894138	0.0787401574803	0.696412948381	
0.0625	0.015625	0.921875	
0.442271880819	0.283985102421	0.27374301676	
0.450186467768	0.386787426745	0.163026105487	
0.420547945205	0.424657534247	0.154794520548	
0.37890625	0.478236607143	0.142857142857	
0.678516228748	0.0170015455951	0.304482225657	
0.168949771689	0.297945205479	0.533105022831	
0.348221044663	0.0749432248297	0.576835730507	
0.211819777648	0.293153891164	0.495026331188	
0.648122392211	0.121001390821	0.230876216968	
0.519717480871	0.0506180105945	0.429664508534	
0.16368286445	0.763853367434	0.0724637681159	
0.443099273608	0.1598062954	0.397094430993	
0.385188635305	0.215183977643	0.399627387052	
0.337288135593	0.432203389831	0.230508474576	
0.413271245634	0.209545983702	0.377182770664	
0.30405965203	0.517812758906	0.178127589064	
0.672527472527	0.149450549451	0.178021978022	
0.176011355571	0.393896380412	0.430092264017	
0.0324232081911	0.894197952218	0.0733788395904	
0.407336827061	0.454502143878	0.138161029061	
0.362760834671	0.103531300161	0.533707865169	
0.444047619048	0.398214285714	0.157738095238	
0.103060587133	0.542161149282	0.354778263585	
0.797319932998	0.194304857621	0.00837520938023	
0.502045587376	0.0853302162478	0.412624196376	
0.590627763042	0.300618921309	0.10875331565	
0.279376498801	0.390887290168	0.329736211031	
0.22637695806	0.379484588176	0.394138453765	
0.427715996578	0.343455945252	0.228828058169	
0.12471825695	0.302779864763	0.572501878287	
0.571906354515	0.220735785953	0.207357859532	
0.306334371755	0.511422637591	0.182242990654	
0.523850085179	0.348381601363	0.127768313458	
0.622239747634	0.296529968454	0.0812302839117	
0.272606969563	0.337009263344	0.390383767093	
0.223598435463	0.55149934811	0.224902216428	
0.15223880597	0.305671641791	0.542089552239	
0.374193548387	0.382580645161	0.243225806452	
0.452452452452	0.151151151151	0.396396396396	
0.285912240185	0.317321016166	0.396766743649	
0.00626959247649	0.374294670846	0.619435736677	
0.357668711656	0.539877300613	0.10245398773	
0.288904899135	0.513688760807	0.197406340058	
0.358893280632	0.621343873518	0.0197628458498	
0.480330257407	0.460417678485	0.0592520641088	
0.288229376258	0.468309859155	0.243460764588	
0.500550055006	0.300880088009	0.198569856986	
0.215565509518	0.362262038074	0.422172452408	
0.457091237579	0.512195121951	0.0307136404697	
0.316455696203	0.33982473223	0.343719571568	
0.0716253443526	0.42479338843	0.503581267218	
0.080487804878	0.562195121951	0.357317073171	
0.221864951768	0.321084060634	0.457050987598	
0.511811023622	0.0309336332958	0.457255343082	
0.355518580144	0.145867997781	0.498613422074	
0.594577553594	0.219419924338	0.186002522068	
0.224816544363	0.588392261508	0.186791194129	
0.364454443195	0.354330708661	0.281214848144	
0.284389489954	0.200927357032	0.514683153014	
0.290909090909	0.0236363636364	0.685454545455	
0.228628230616	0.335984095427	0.435387673956	
0.208762886598	0.112113402062	0.67912371134	
0.0119667013528	0.493236212279	0.494797086368	
0.329824561404	0.328421052632	0.341754385965	
0.087319243604	0.358175750834	0.554505005562	
0.310857142857	0.441714285714	0.247428571429	
0.211838006231	0.732087227414	0.0560747663551	
0.573550212164	0.0509193776521	0.375530410184	
0.4592760181	0.258484162896	0.282239819005	
0.443251533742	0.197085889571	0.359662576687	
0.312828207052	0.141035258815	0.546136534134	
0.284196547145	0.28818061089	0.427622841965	
0.127551020408	0.362244897959	0.510204081633	
0.285645933014	0.474162679426	0.24019138756	
0.32913782253	0.375707992448	0.295154185022	
0.505831798649	0.212400245549	0.281767955801	
0.366531165312	0.305555555556	0.327913279133	
0.347872340426	0.504255319149	0.147872340426	
0.319252077562	0.513850415512	0.166897506925	
0.823325635104	0.101616628176	0.0750577367206	
0.21978021978	0.372527472527	0.407692307692	
0.180469715698	0.458590852905	0.360939431397	
0.628250175685	0.0688685874912	0.302881236824	
0.429561200924	0.407621247113	0.162817551963	
0.108016877637	0.517299578059	0.374683544304	
0.174689826303	0.395533498759	0.429776674938	
0.459439528024	0.393067846608	0.147492625369	
0.267810026385	0.266490765172	0.465699208443	
0.231566118221	0.340036563071	0.428397318708	
0.356916996047	0.307114624506	0.335968379447	
0.158102766798	0.166007905138	0.675889328063	
0.199342825849	0.601314348302	0.199342825849	
0.539360872954	0.146531566641	0.314107560405	
0.438916528469	0.122166943062	0.438916528469	
0.0193905817175	0.410664819945	0.569944598338	
0.586124401914	0.0948963317384	0.318979266348	
0.0499194847021	0.647342995169	0.302737520129	
0.386442641947	0.217265353418	0.396292004635	
0.465889212828	0.173177842566	0.360932944606	
0.162528216704	0.643340857788	0.194130925508	
0.0445747800587	0.381818181818	0.573607038123	
0.334251606979	0.534435261708	0.131313131313	
0.253521126761	0.448356807512	0.298122065728	
0.454941860465	0.434593023256	0.110465116279	
0.371002132196	0.311727078891	0.317270788913	
0.749344978166	0.242794759825	0.00786026200873	
0.25641025641	0.257051282051	0.486538461538	
0.270512820513	0.462820512821	0.266666666667	
0.392425463336	0.0813859790492	0.526188557615	
0.26113671275	0.279569892473	0.459293394777	
0.15	0.308181818182	0.541818181818	
0.252421959096	0.512378902045	0.235199138859	
0.586818757921	0.228136882129	0.185044359949	
0.222782258065	0.28125	0.495967741935	
0.351638618246	0.244906997343	0.403454384411	
0.56050069541	0.255910987483	0.183588317107	
0.222351571595	0.491850989523	0.285797438882	
0.56641431521	0.0894700619408	0.344115622849	
0.0153583617747	0.684300341297	0.300341296928	
0.493234932349	0.277982779828	0.228782287823	
0.438061938062	0.208291708292	0.353646353646	
0.699928724163	0.252316464718	0.047754811119	
0.259970457903	0.473165928114	0.266863613983	
0.362105263158	0.0547368421053	0.583157894737	
0.357909472702	0.357909472702	0.284181054596	
0.0818524501885	0.437264404954	0.480883144857	
0.203256597417	0.381246490736	0.415496911847	
0.346793349169	0.232779097387	0.420427553444	
0.417167851285	0.108802624385	0.47402952433	
0.404175365344	0.356576200418	0.239248434238	
0.17880794702	0.113907284768	0.707284768212	
0.230769230769	0.58398744113	0.1852433281	
0.28987618354	0.495994173343	0.214129643117	
0.210365853659	0.342987804878	0.446646341463	
0.559850374065	0.135910224439	0.304239401496	
0.312258687259	0.382722007722	0.305019305019	
0.397435897436	0.133629191321	0.468934911243	
0.0291262135922	0.667475728155	0.303398058252	
0.105548037889	0.257104194858	0.637347767253	
0.598415600244	0.266301035954	0.135283363803	
0.418308227115	0.251448435689	0.330243337196	
0.343511450382	0.452290076336	0.204198473282	
0.345665378244	0.29210381005	0.362230811706	
0.376744186047	0.294186046512	0.329069767442	
0.260416666667	0.518229166667	0.221354166667	
0.49643551523	0.0563836681789	0.447180816591	
0.491754122939	0.0539730134933	0.454272863568	
0.292761050609	0.202434336963	0.504804612428	
0.249650023332	0.384507699487	0.365842277182	
0.453806356245	0.424242424242	0.121951219512	
0.494419642857	0.0775669642857	0.428013392857	
0.11884438608	0.614576493762	0.266579120158	
0.285913528591	0.329149232915	0.384937238494	
0.268852459016	0.183606557377	0.547540983607	
0.492063492063	0.288998357964	0.218938149973	
0.261904761905	0.581168831169	0.156926406926	
0.590305444887	0.107569721116	0.302124833997	
0.448598130841	0.533333333333	0.0180685358255	
0.482905982906	0.161782661783	0.355311355311	
0.267935578331	0.470961444607	0.261102977062	
0.368457300275	0.411157024793	0.220385674931	
0.40878629933	0.220402084885	0.370811615786	
0.305577689243	0.305577689243	0.388844621514	
0.525683789193	0.0887258172115	0.385590393596	
0.409981048642	0.0145293746052	0.575489576753	
0.541573033708	0.317415730337	0.141011235955	
0.0384615384615	0.556561085973	0.404977375566	
0.324704813806	0.394187102634	0.28110808356	
0.326232247285	0.275689223058	0.398078529657	
0.0869963369963	0.129120879121	0.783882783883	
0.00849256900212	0.0552016985138	0.936305732484	
0.686131386861	0.0469238790407	0.266944734098	
0.460666666667	0.01	0.529333333333	
0.41671641791	0.234029850746	0.349253731343	
0.373311723393	0.41923284711	0.207455429498	
0.254857142857	0.366857142857	0.378285714286	
0.120989917507	0.735105407883	0.14390467461	
0.378524046434	0.370232172471	0.251243781095	
0.369696969697	0.517171717172	0.113131313131	
0.0725423728814	0.574237288136	0.353220338983	
0.212016175621	0.465626805315	0.322357019064	
0.318038969202	0.568824638592	0.113136392206	
0.214821763602	0.661350844278	0.12382739212	
0.466973004021	0.14474439977	0.388282596209	
0.128837719298	0.34923245614	0.521929824561	
0.267924528302	0.316352201258	0.41572327044	
0.0333006856024	0.945151811949	0.0215475024486	
0.179769103903	0.478834524464	0.341396371633	
0.67862266858	0.289096126255	0.032281205165	
0.384448069603	0.278955954323	0.336595976074	
0.139808362369	0.426393728223	0.433797909408	
0.630537974684	0.155063291139	0.214398734177	
0.728638497653	0.215962441315	0.0553990610329	
0.421374764595	0.274482109228	0.304143126177	
0.173758865248	0.416666666667	0.409574468085	
0.257105089227	0.265697290152	0.477197620621	
0.333839726548	0.332320546905	0.333839726548	
0.313145216793	0.373709566414	0.313145216793	
0.507216494845	0.0577319587629	0.435051546392	
0.255235602094	0.407068062827	0.337696335079	
0.4352248394	0.0674518201285	0.497323340471	
0.486540378863	0.189431704885	0.324027916251	
0.653005464481	0.0391621129326	0.307832422587	
0.226080793763	0.13182140326	0.642097802977	
0.605378361476	0.310193871169	0.0844277673546	
0.0922431865828	0.578616352201	0.329140461216	
0.345686160973	0.0891719745223	0.565141864505	
0.271177944862	0.25313283208	0.475689223058	
0.304594734125	0.470831182241	0.224574083634	
0.437873754153	0.321594684385	0.240531561462	
0.503816793893	0.416454622561	0.0797285835454	
0.233993015134	0.395809080326	0.37019790454	
0.198863636364	0.245738636364	0.555397727273	
0.105413105413	0.837606837607	0.0569800569801	
0.367139959432	0.599729546991	0.0331304935767	
0.240066225166	0.239238410596	0.520695364238	
0.324296141814	0.46558915537	0.210114702815	
0.506336753168	0.345805672903	0.147857573929	
0.58426073132	0.341017488076	0.0747217806041	
0.421634615385	0.434615384615	0.14375	
0.436445444319	0.217097862767	0.346456692913	
0.132680804785	0.483958673192	0.383360522023	
0.549579831933	0.279831932773	0.170588235294	
0.052913596785	0.593436034829	0.353650368386	
0.162818955043	0.590522478736	0.246658566221	
0.287311618862	0.23237724842	0.480311132718	
0.433869839048	0.215535339398	0.350594821554	
0.206200787402	0.42125984252	0.372539370079	
0.416868932039	0.245752427184	0.337378640777	
0.503532434168	0.121387283237	0.375080282595	
0.600259571707	0.0707332900714	0.329007138222	
0.179787234043	0.692553191489	0.127659574468	
0.513693560326	0.302738712065	0.183567727609	
0.200488997555	0.260798696007	0.538712306438	
0.305194805195	0.32683982684	0.367965367965	
0.16682464455	0.831279620853	0.00189573459716	
0.465577596266	0.288798133022	0.245624270712	
0.363916256158	0.232142857143	0.4039408867	
0.100343642612	0.476288659794	0.423367697595	
0.483358547655	0.0809379727685	0.435703479576	
0.0455284552846	0.50243902439	0.452032520325	
0.676056338028	0.112676056338	0.211267605634	
0.151539068666	0.653512233623	0.194948697711	
0.364804469274	0.376536312849	0.258659217877	
0.655990510083	0.103202846975	0.240806642942	
0.0875796178344	0.143312101911	0.769108280255	
0.553664921466	0.373036649215	0.0732984293194	
0.188045375218	0.41404886562	0.397905759162	
0.267091295117	0.409341825902	0.323566878981	
0.472049689441	0.355417529331	0.172532781228	
0.216923076923	0.0984615384615	0.684615384615	
0.602329450915	0.0357737104825	0.361896838602	
0.545454545455	0.313852813853	0.140692640693	
0.224489795918	0.588921282799	0.186588921283	
0.669014084507	0.264084507042	0.0669014084507	
0.347826086957	0.281378178835	0.370795734208	
0.833789954338	0.0949771689498	0.0712328767123	
0.175137783221	0.59399877526	0.230863441519	
0.268693918245	0.286640079761	0.444666001994	
0.366713681241	0.378467324871	0.254818993888	
0.679425837321	0.0191387559809	0.301435406699	
0.353032659409	0.501814411612	0.145152928979	
0.32416906032	0.32416906032	0.35166187936	
0.204511278195	0.346616541353	0.448872180451	
0.0268270120259	0.299722479186	0.673450508788	
0.328296703297	0.331043956044	0.340659340659	
0.202288091524	0.352054082163	0.445657826313	
0.903846153846	0.0441176470588	0.052036199095	
0.346102449889	0.239198218263	0.414699331849	
0.248864668483	0.535876475931	0.215258855586	
0.0803043110735	0.814877430262	0.104818258664	
0.411455596427	0.511297950604	0.077246452969	
0.0628787878788	0.494696969697	0.442424242424	
0.461170212766	0.38829787234	0.150531914894	
0.45374800638	0.370813397129	0.175438596491	
0.314845938375	0.328291316527	0.356862745098	
0.24141221374	0.266221374046	0.492366412214	
0.264971751412	0.36384180791	0.371186440678	
0.243346007605	0.149556400507	0.607097591888	
0.354723707665	0.324064171123	0.321212121212	
0.335171568627	0.0765931372549	0.588235294118	
0.658847184987	0.308310991957	0.0328418230563	
0.278761061947	0.108407079646	0.612831858407	
0.446732954545	0.196732954545	0.356534090909	
0.298744216788	0.195637805684	0.505617977528	
0.12030075188	0.84335839599	0.0363408521303	
0.333697632058	0.347176684882	0.31912568306	
0.410483870968	0.0241935483871	0.565322580645	
0.150885766646	0.380574221136	0.468540012217	
0.473961766645	0.170731707317	0.355306526038	
0.465048543689	0.309708737864	0.225242718447	
0.423865755127	0.334990677439	0.241143567433	
0.58533916849	0.227571115974	0.187089715536	
0.234429671099	0.356193142057	0.409377186844	
0.305996472663	0.437389770723	0.256613756614	
0.192771084337	0.72937905468	0.0778498609824	
0.344112769486	0.400497512438	0.255389718076	
0.370532168388	0.362192216044	0.267275615568	
0.696202531646	0.253164556962	0.0506329113924	
0.411626541398	0.173810921903	0.4145625367	
0.223431829964	0.276308968377	0.500259201659	
0.428060768543	0.124218051832	0.447721179625	
0.077849117175	0.378009630819	0.544141252006	
0.377275580665	0.237915881984	0.384808537351	
0.417140151515	0.165246212121	0.417613636364	
0.145110410095	0.0630914826498	0.791798107256	
0.105633802817	0.62764084507	0.266725352113	
0.654715510522	0.226812159002	0.118472330475	
0.174	0.374	0.452	
0.421475875118	0.279091769158	0.299432355724	
0.274583333333	0.392083333333	0.333333333333	
0.192439862543	0.214432989691	0.593127147766	
0.328032979976	0.457008244994	0.214958775029	
0.141544117647	0.304534313725	0.553921568627	
0.245823389021	0.238066825776	0.516109785203	
0.485775248933	0.46586059744	0.0483641536273	
0.429095915558	0.421294171638	0.149609912804	
0.217105263158	0.407894736842	0.375	
0.518987341772	0.243037974684	0.237974683544	
0.306233062331	0.123306233062	0.570460704607	
0.298453608247	0.270618556701	0.430927835052	
0.484475374732	0.240364025696	0.275160599572	
0.016	0.3712	0.6128	
0.151606425703	0.469879518072	0.378514056225	
0.360943499726	0.21009325288	0.428963247394	
0.148590947908	0.0128095644748	0.838599487617	
0.193798449612	0.312984496124	0.493217054264	
0.696920583468	0.155591572123	0.147487844408	
0.386623164763	0.00978792822186	0.603588907015	
0.378421900161	0.455716586151	0.165861513688	
0.334965034965	0.236363636364	0.428671328671	
0.0229885057471	0.568007662835	0.409003831418	
0.425287356322	0.0819923371648	0.492720306513	
0.224563206578	0.393627954779	0.381808838643	
0.369565217391	0.275670675301	0.354764107308	
0.364985163205	0.16765578635	0.467359050445	
0.0539919586445	0.465824238943	0.480183802412	
0.392626131953	0.117723156533	0.489650711514	
0.0788013318535	0.0244173140954	0.896781354051	
0.451135241856	0.369200394867	0.179664363277	
0.266197183099	0.315962441315	0.417840375587	
0.446574029708	0.18207954001	0.371346430283	
0.185263157895	0.358947368421	0.455789473684	
0.385957792208	0.208603896104	0.405438311688	
0.352803738318	0.276090342679	0.371105919003	
0.0535885167464	0.906220095694	0.0401913875598	
0.395413870246	0.249440715884	0.35514541387	
0.215807560137	0.40824742268	0.375945017182	
0.437137330754	0.16247582205	0.400386847195	
